33068899
33600289
27494693
29557037
25781596
30566617
27826002
25323840
30130866
34277342
34589801
30077251
29420889
25008806
34848856
32696970
25533118
34018948
32582834
34025360
26160148
26811873
33982554
31153720
26449518
31644805
30661979
29467047
27108789
34514193
35362022
26466383
26174461
31736506
33835713
30992846
27884003
32451364
27957449
31023932
32376984
25212431
32860246
29472463
29245898
33103454
31526140
35032852
26436848
31524316
34587561
30004231
32688107
25781796
35224971
31260526
34265507
34896609
30223938
30333872
26025260
25306405
30632508
35422730
28787863
32284542
32652761
29992481
28829183
28635023
25734536
27957266
29351166
32118029
30228925
30387131
35120270
28551563
31535499
26988940
33877957
32594867
34313393
26036903
29050614
27522356
25221446
28921402
33362915
28487663
30204761
28149835
34000699
30257138
33896345
30908538
32922243
29470063
33198603
31730081
29048955
33002390
32650405
31619545
31384136
25882538
26396484
34986707
27866268
34188850
28189522
33751369
34601080
26229848
26927452
33918724
33960514
32573493
35399774
32068716
25723713
29340698
35362109
30701038
32525823
29401014
30960492
35366786
33474768
31453869
26702164
28323776
26243143
32939094
32541016
28857910
26421306
25121459
27990036
25851981
29176150
31443391
35165107
31382073
27774823
33759628
25785246
31598557
29851081
33011591
29925379
26551301
32733194
32807351
32853576
27827443
28399235
26917096
29170967
33724235
31261652
29449079
32477979
30471121
33358431
34458079
30871939
30720188
27110498
29659454
35399574
34516414
26734859
25003048
35096807
30774071
33357422
25712922
31361728
33781056
30094031
25223321
29179694
30499895
28124884
35296644
35191177
26439379
27743204
32543139
35108364
29385225
31668145
30381236
28358039
31447079
26246412
28455493
29280148
28540608
28997303
34755057
32379508
34845727
30952707
30826897
29235323
31468279
32874557
33635666
25696085
29788594
25826209
25893116
28530439
26735879
34740501
32259296
25691141
30704670
34514259
26769751
34270811
26667967
26860341
31382882
31561066
27227116
28468223
26558701
31064705
26037881
35409176
30963465
25053687
34275321
28097846
30016725
25210617
35410883
25385072
30682265
32647598
29903896
29762478
28271298
26185523
25387923
27289279
34308668
32773672
35272620
33175396
25417324
26937247
31877565
31112949
30371894
29109657
31182259
29071325
31905974
27981436
33407316
34490376
26017285
33269397
30454925
35384665
29801325
28817191
25232266
29113314
25254667
26676927
31691312
26514984
29977514
34268115
32700363
32578857
35463738
29912951
26778953
35291188
27538243
25265260
34741683
26991871
34821661
32836994
25463629
32653800
29717503
25350320
35387213
25091646
34310897
33778918
33960063
31678094
32078670
27200784
27206538
27823983
26358378
34731979
33275483
34512876
29710941
29762939
33156122
25632765
34412049
25460500
33565214
26577280
33076099
25500186
29672401
26684491
34357392
35374584
28273959
34499642
34068113
29515280
32552079
33110845
30467657
35289551
31813749
31186269
35276583
33544602
32541536
25683586
30910790
29694216
28743608
31631908
25675346
34603618
34092935
33061022
27465199
31090326
25110814
25856636
34467247
30139550
27250731
33128811
26801798
26130378
31903688
34930037
29769547
34403409
31261660
25024224
27974398
35429028
30515997
35059134
32433883
25778744
31210661
30584052
29186974
35409097
35020437
27046912
25203278
31771075
26537786
33420965
27708498
34075335
32286497
32240715
35180355
27979554
28604607
33450381
26556630
26426925
28918499
25946045
27554369
30452013
33226892
28608834
28774082
29682445
34058098
32999351
26137664
25451491
30277955
28150195
25928935
29823529
32392673
26416588
33501343
30667398
30137496
25261319
27657456
28588044
32286890
31904495
32871559
27039416
26308806
33128871
27128653
34903970
25090701
34257370
31258440
25665166
27379984
27928822
33991229
31401698
29853119
35163068
25321842
29721702
30605381
34138835
26277114
33876377
26039921
33241614
33242981
31584442
27061896
35289251
33919089
31589919
30877406
29354910
26707971
32591103
34102706
33449576
30625990
32076740
30153955
26018109
33991853
29935733
31601803
28376493
32249806
25247197
32686351
32297507
25711502
25060897
31816341
30460978
28514233
33880685
27104923
26293034
29496213
31193255
25648621
27749721
26767839
28819583
31555725
34925147
31710060
34290914
27131791
29248926
28229023
30579040
30390617
28294353
26289753
28436827
31158726
28939241
32154464
32495016
27668733
30676708
32243891
33593808
29575762
32660077
34659902
33546189
27709493
27090278
25709140
30151474
32128384
35136598
30306221
28540713
26519318
26299679
34869762
25534060
25356953
34293699
31469526
26244616
29425894
26029986
30149723
28558116
29683005
32077178
35047621
31612970
33249697
25816336
34267571
31455335
34780272
34323648
35108324
35257466
31927398
30691367
34575541
29734099
33326535
34830925
30783321
29824183
32659545
26724470
25565573
27159271
34465284
31800364
30778413
33106684
27086067
31355812
33289413
30063698
28453953
26924644
29387330
26336915
29617612
31935280
25142397
29582406
27480609
30728727
32757974
29409545
30098282
33463873
32430606
33838529
33993505
31499988
25065704
35004287
29520738
29141997
32356163
25899673
30483659
27217844
28056030
32578681
28473101
30235929
34788534
30827126
34815395
26467683
30616078
27244549
31420783
32900242
34868021
35066400
30215020
33702085
32730988
28705569
26756587
28413708
26542854
27223483
29078290
33134720
32760576
25134934
26374724
33873313
26190836
31212939
28872579
29213354
27871648
32186756
27016056
32933146
28058840
28212344
26627393
35313404
27608501
28322652
26225333
31679652
35383585
29272346
25225635
26371175
28421976
25690974
34187880
27747213
29839536
31279377
33365493
26268668
25620322
29148888
29241587
26575420
32500271
25080013
31609008
33009218
34973204
29396233
32116453
34171759
35321179
26138755
34144547
32577301
26779083
32863904
35037838
34312234
27510939
30749149
31948913
30175081
29922559
26497964
28593777
28327040
30988791
25581824
25880167
32773478
31711690
29406615
28822971
34945062
29313274
29588991
26354176
34722556
35110460
28666142
32143449
29943982
29136708
28214109
33526005
33939670
29747276
29793869
25755672
31669907
25963915
31211723
32568836
32413039
35431735
26205196
32006622
28544228
30897831
25963315
31709421
26179327
27519457
30118147
26152948
26125177
26222507
32525897
32915337
34344808
27474760
26935221
26079982
34452034
25266223
30808510
29498117
27293022
26440400
25438238
30718757
34916296
30206672
30554313
28320349
33523366
34210193
33207559
30365511
25207736
27660209
31716213
31720997
25860879
25158584
30909455
31213689
26653249
30493462
26355068
32372017
28898799
28993122
25593921
33386104
27892221
31490164
28776931
30608582
29808536
32421306
30206386
30069092
28301319
31249438
32857639
28088768
27279512
30675626
32410080
28513460
34785666
25373380
26880313
31153691
27212431
25122894
26514055
32028803
27726026
25223587
34579756
30369881
25203256
25322550
33845260
34673070
26655201
26315666
29657752
30920300
32462805
33124990
30320409
27370972
25303913
35213492
27861626
32302572
30715653
26106722
28441304
27934415
31341287
31400097
33819396
26410144
29689843
31574896
33581619
27753307
33832241
29528195
32346325
30206310
30498952
25493403
34998299
34527816
32987907
29741517
32162927
34092613
26461643
30603661
26112659
32778080
25253344
31340983
32495166
26214989
31236716
27992734
27397897
28043064
35412255
35171030
32856046
30476054
26591080
26134959
34550690
26391013
32925562
28043102
34058990
30951036
26796032
27859764
30344001
31005807
35277430
26052793
35323292
25486157
35375296
25869951
25829092
33168054
27327972
32409549
32935175
28685455
30448599
29039530
25959147
31285829
28902574
25852009
25174471
35151074
29984585
26215883
30531904
34771888
33415136
31208632
32107973
27603899
31462667
28802799
32436218
32977513
28757432
26786179
30578976
32896352
25662446
31884105
33210968
25450302
33425878
26720930
27270704
33938832
31844770
33706757
29157951
30367620
33754430
29284562
25769908
29627812
32801914
27617577
32838263
32443945
30542728
26261566
31079159
27585797
32582753
30186922
33582780
28834812
28459812
31990778
33587254
33154631
30664362
33154527
31607627
28327284
27079543
29107134
26565716
28117988
29200101
33944440
33162338
29841782
33000551
28115461
31523701
25205358
28322247
32960484
28107901
33323812
27223051
32835966
26823008
31228155
28350609
27448358
34349414
30350710
28111709
30881482
30662793
33743426
32012115
29808450
34988375
34133328
25390260
30163353
25594680
29840131
27610562
34835213
30632040
26606382
27666696
28483176
31791526
25134200
26893556
25831477
32894487
26123673
25664697
27566063
29324592
27242590
25465134
33446675
30799508
27186484
34553956
34619001
31826879
25656794
28931712
31552262
25623694
29498727
32101420
28607403
33797731
27703557
30184594
34288848
27409117
33604043
32255396
25450896
26223695
28531126
33604181
34297673
30415154
27685813
31386812
35441755
32007478
33066389
33757276
27380101
25814200
25885237
28141950
26892170
26093211
27210862
34086433
25369111
34479475
28510798
30680512
31621033
32805369
27237266
26825544
31733274
35356291
30691123
28025493
35294009
35264478
27714569
32626700
32673528
32861051
25284159
30426108
25027018
27325173
30450775
35240899
26090021
28193378
34384497
28321387
33230415
32998033
32880083
34519779
33159459
31601701
35123776
31607458
29953869
33414910
26771476
31964167
31438332
27101906
31956719
29228273
31727347
29983021
35112278
31892333
33925506
34416263
31252036
28422297
30540084
30034005
32353605
30748340
29608175
26133329
26124023
34397019
29523500
34233251
33711542
26567911
25612697
34446793
27448590
26457531
27490581
30059768
29244330
31253120
33071341
32932120
28443861
30100543
25720102
30555243
30267155
28442821
33258511
30195257
25830636
29216657
25307956
31139052
31267138
28688904
29579619
25659082
26966619
30843842
26216866
30546181
30854323
31521076
31905508
26479959
25750505
32143352
26013391
25989527
27664578
29382375
33005510
30219952
27935704
29445269
25857354
27325045
25046455
34569134
29924689
34560249
28847789
28368522
25734620
31422901
28249441
34953256
30347157
25899506
32557387
29842423
32324956
35080545
25255337
29504024
27208702
28333920
34531077
30382043
34374547
30836169
29816735
25835201
32701575
25680115
30551334
33650955
31769411
28107230
27574678
31276598
29703274
32551990
34540170
27352750
31689881
32089770
26832026
25082489
26922433
33546663
34916589
32148626
29792799
29721524
25768676
35163867
33656757
35039280
29737471
32655234
28570911
34706788
25514159
28963373
31326093
26012325
25076155
25836677
34222751
26554648
25003614
29775163
32185941
31396589
27160608
32348875
33099958
30710959
25797149
35455970
30923422
33944693
27161367
26175223
32506888
25138110
27466241
25696516
29199629
33598346
28606235
28726511
25208461
32194873
34186371
27664883
31088851
31957406
28619326
34864229
28674112
30255562
32866351
30291410
32937691
27930092
30258079
26131391
30658541
25715078
30368066
25346477
33199801
25205260
34925645
30610808
25671265
33890341
31246738
31297869
27501357
25317982
32553957
26960585
35413691
34844285
29737162
31185647
30592074
28597879
30155829
32550518
27611956
33257574
30493736
26075347
33602961
33458196
28922185
30382449
27478667
32888207
26774618
34020909
29769846
27290723
31783187
32144226
27093801
34593672
34501541
29274383
33484591
33759635
30059533
32474557
31715969
26660487
33456884
33430150
26883393
27060540
29612258
25210413
25502521
33936677
26225166
34667282
29226417
29502499
31180353
31222688
34501201
34720267
31770558
26723975
25448135
33703211
35169281
25696579
25072205
31813680
33067380
30653878
30199280
31916126
34075474
25801625
26414430
25404408
31686563
32053946
33616828
32585429
35048863
25384198
28496226
29711206
32930752
28745619
33572807
34323307
34954200
32807642
29991236
28316373
27301622
33738843
31854600
27595954
28866253
28296289
28847008
27601971
34206153
25488571
30219307
34957036
25146065
29085087
35461392
27201949
33803192
28577966
33195310
34949506
28655958
30608338
26950474
29744227
33117286
29398645
27877885
29155176
31955169
32589865
26539507
32886762
27004453
34113968
27817823
27425661
33218149
29873748
26094005
35412593
30906951
27900856
35002953
34679343
28909348
30369640
31723321
30499287
28196613
25539786
34481510
29336161
25090445
26060467
27070148
30582018
25510294
28890416
29407564
30575186
27311624
28878916
28527735
28407760
31621585
33382963
34378830
30469997
33975771
32159903
31995407
35254210
30426850
27156006
25725407
33442275
33099499
35307168
35284460
27567022
28787154
27488388
34625445
34676058
34388118
28945535
25250100
30461545
28553395
34670538
27786001
26826992
25524578
35430585
28638403
32312520
28241917
29878120
33432567
31368317
25872084
28050008
31918923
33057206
27212416
30542531
26836994
32779784
32056725
26587663
26243274
30617900
30504019
32768786
31027538
32686842
30839793
29375594
33712482
26257070
26442843
27210848
30130381
25684384
26485684
33672342
28208309
27886510
29275061
33201311
33795556
30387956
35422515
32877836
32555241
31498637
27512958
32978104
31553477
31625226
29798037
30295086
29751215
34570395
29576973
26836250
33430106
25026935
25532443
30093659
34876558
27111340
34096084
33872854
31663390
30812832
34235945
29865383
30600511
33492942
35372458
31105556
33799297
29596833
29706745
26641096
29277684
26761907
27061187
32762789
34094731
25545121
31682306
33152790
33459187
32009169
29600162
29878353
33414108
25732109
26440093
32737422
29575384
34137212
33403760
28723093
25595907
28243463
26500866
34633353
32917258
25252060
28671161
28213910
30246473
27876480
26805420
32357766
27343615
27857210
25704288
32774129
27112976
29402187
27185453
35391703
25739570
26444483
30691058
30456739
34741209
25356230
33587535
35328904
28325397
25663439
29600642
30464232
27177430
34384679
29774145
30322998
34657192
30064898
31368860
30176423
25809863
34883548
35393711
33387065
31892477
27164037
29265726
28731005
27044984
26190954
33460869
27256627
34182833
30157146
34936813
26888622
29447964
33012912
29155964
31751215
32383142
32089148
33902482
28018669
32855214
25244926
32008570
33511532
26805721
32986671
34676708
26924511
29613053
30773079
32939433
31459889
33140165
34508892
27463926
30901388
30338589
27069464
34595626
27434619
28556051
32013361
27617756
28365750
30533331
32680611
29490802
27734322
32549168
25297511
32786708
27400655
28577112
32363868
29078260
25949353
34270118
26350765
26565590
34697598
25898536
26507269
32280022
31983478
26164406
32447798
31988323
34316738
28770248
33795029
34586696
26970693
27376633
26243439
29719304
27079710
35394181
32336818
26461501
27163873
26863295
29155642
34092395
33647198
25757630
35301763
25186191
25486187
30605641
25881603
34087564
26086629
32042833
29615441
34417164
28621237
32204603
28552486
34177886
31857608
32551515
30040422
27555300
32938864
27507723
33056686
26946289
35120832
34445695
29223639
30136964
33093716
26725428
35252073
31890341
26789913
35344005
25727274
29958348
25869080
30249377
27670264
33768603
33606413
25858191
26462716
32130216
26773182
32900007
29944356
25946074
30087984
26630223
26608490
34729124
29639193
25726522
27614724
34876923
28194964
34917789
26106961
33080303
34883843
35178242
30938194
33375680
26588973
35277333
28304165
35251080
26247532
34235759
28916951
32976156
27174880
32245655
35296872
33379494
30293859
32723996
28080940
32960253
30580449
30340978
29503992
32447607
32693674
25296330
34596923
29588739
32616030
29510932
25097893
32699213
31479559
30930521
25647074
26171781
28116021
30080259
31420613
35323875
33456002
27694829
26815929
33998747
25940904
26382368
27210265
26771494
34432213
26112054
35317233
28711980
28667120
31704363
31930295
34051913
25064544
29033875
26815664
27666909
25800711
34837806
34066820
31002193
29836384
25286564
31722265
35067870
32498936
34294934
27778052
34961439
25906952
33847909
30655407
33667233
28663970
34471539
32489033
31028040
29877567
32502538
29826724
29212783
35320422
25253172
34893528
35394101
32785424
26825210
32805357
34045747
32858202
30733378
34465563
32764780
35421941
35201498
32809266
26449262
27610722
27172042
29896110
28436493
31750409
31739991
34158765
34355875
30844763
33329765
26555905
33096740
33530723
26695471
32042991
26929190
29364486
34836449
32975926
34032090
29183054
30587735
28469130
26675879
30916631
25572036
35349156
26042791
29958579
34149468
35016989
29928768
26889588
30007608
33214632
26260711
29486105
30405132
35181805
31039760
33809657
35082777
25299746
25467016
27326221
27217918
29136551
35185215
32450340
30842977
32199784
33505742
27036979
28918738
34346302
33361544
29789355
25772609
28525235
28322767
26022131
27175824
26974930
30179517
28365697
28210334
25386127
29460773
26086117
25687246
35095791
28264159
28855658
28846487
30655183
25287053
33151440
29660223
30041906
34001319
30006061
29488938
35381083
25918783
28290532
29997891
25563881
31807846
27171345
30972917
32423708
34431237
33770385
32397582
28922961
29107470
32253637
26833847
25996154
34487407
30752730
25307360
33438620
27562176
25613869
25961201
26430717
28656113
34971287
35376765
28124952
33915753
34424182
30377286
29439924
28498650
30824467
28771998
33497361
28564085
29914216
30627597
29304570
32712060
35452802
33269173
33115082
33195435
26692809
34312297
32089621
30090450
31988524
29493785
29715673
31186879
26329975
33022239
35446903
28196122
31603848
26373347
34449407
27738360
32040766
26063027
34616773
34248386
35356459
26981104
27102807
29222445
34819359
25358839
34729687
28755972
25809494
31282505
25917682
33249139
30353250
33914679
28740935
25431452
31085232
30316975
28461897
26866498
30928159
27039394
29776560
28177762
25336516
29766965
34748397
29246481
31116461
27522269
25885543
33645042
32899972
26213728
34971813
27958498
31101976
31001729
28918785
32287479
30235304
27288801
31341127
28741363
25923377
26227204
29296192
28746394
25157829
31435498
33351208
26050101
33334087
31593940
27553721
32353691
30798993
33339358
27489329
33764543
32235080
33764589
32023114
33892858
26146922
29347191
27477722
30913052
