28504668
24970492
24657442
28818060
24123639
28595619
30065964
26031743
25256849
27465875
29867527
29596384
30617277
25584044
25213554
25850816
25205843
27343468
24043462
26218149
26276002
26015949
26015949
30815354
25744002
27127520
24443177
27288309
24585677
26726028
28521800
29052594
24364910
25799237
26203805
29403473
26074415
27462977
28975481
25704851
28018351
29702747
27130240
24077235
28803918
27997080
26285657
25323824
28506444
26549107
27396853
27637760
29420117
29420117
29550474
26015947
27787618
30095002
24297321
30003150
25275470
27021598
22700341
26422657
28987592
28244825
26688192
28135684
27123009
29482663
30083159
26103914
29322348
29490770
28562647
26489735
27822208
28757881
29197674
26125662
25654296
28673339
23867184
26977925
27277530
29410546
26247040
29258749
27049761
24928093
27457515
28820959
28135772
28754682
27094591
25329467
25612066
30849355
30804325
25225370
24673109
24882215
25724205
26584613
28024684
30987186
29927449
29222810
26771518
28336124
25024393
25113744
30083154
23639794
25198693
25610950
27733093
28198144
29442025
26271890
30848563
27306360
28130440
27613408
28992198
30316805
31013754
29113177
24329541
30178232
26507122
27550319
29436626
30619268
28426090
26051876
26751012
25360821
24973445
28018345
29980703
29984480
28052250
30307543
27503907
26829984
30362606
31110478
26095162
26531309
25690155
26360332
29862305
30021803
25335433
26665180
24704119
29237438
30678304
30452592
30347191
24655025
29874282
30854695
30152847
29491534
27611715
28365299
30536399
27815970
26047853
30356900
25839128
28116566
30002654
33911480
28676841
27175898
28026003
25185156
25549087
29719048
31028998
25384965
28793364
29572822
27351906
29397904
31019514
27277258
27787879
31024521
26166764
28344062
30221683
29226077
27260411
27484716
28167299
28544067
26357964
27494347
28041663
28138707
30096164
25856795
26991804
29864894
28807995
30380327
29509238
25354724
29410624
28501579
29310665
30718722
25690925
28671717
29206239
29303022
26439770
30079994
30719260
29498905
27154441
30587589
26158500
26686985
27616660
26971667
29539434
30770414
24979718
29096610
25900329
27925458
26053043
26053043
27731367
30253842
27678042
29453454
25782016
26431183
28412963
27960594
29298866
29515028
30070264
24490617
29861815
26360292
27174201
29617354
28191587
29806793
30229749
26343337
26505692
27251429
29907673
27825375
28494936
29511829
26373041
30103105
27609119
26612978
30705751
24388382
27734939
26472048
29363599
29399951
30590056
25896438
29593247
28765364
25247711
29334196
25605670
28676662
25428803
29527571
30401978
25773123
27346678
30560881
28927931
29211089
26345302
28722778
29642502
27142386
29765551
27493703
30480453
29942949
29049316
29187162
30414485
30242980
24487236
30262100
30196014
27300768
29399549
31719872
29558871
29765318
26270351
30474874
25468334
30393802
26147507
28871147
30616234
24810842
24718936
29864516
30971005
25652522
25381817
28476026
29030596
24984960
26805429
30966615
28008153
28087106
28087106
29535813
26794366
27381658
26608463
25728592
27618787
29394376
30127372
28187434
28188787
29038872
27748910
24247151
24947816
30259641
24962136
29473000
26040690
28171546
28592839
27023391
27964748
29434878
30613774
25270048
27698134
25701119
27678304
24202699
29040808
34375611
29449694
30796967
27494432
27965040
25681969
29617404
29743597
29780511
26107737
25897856
27389414
26075250
26456974
28545495
25752856
27464732
28483691
26169261
29570944
26835873
25568895
25267635
27663569
24425042
27323778
28765552
29774083
30607635
30404258
27478871
33418720
25856345
27057311
29299143
27766838
27044817
27756885
30547810
24291763
25557227
27615742
26289960
28666462
26010411
29340409
30285809
25420519
29625565
25687182
29890691
30675232
24643985
28373427
30080291
26631483
28974266
27768961
23982874
24844199
30546831
27272900
22454224
25426561
28576513
25884794
30598641
24660684
33440532
30072655
30314527
25476480
29214365
33405827
28959637
27516850
30175027
32263269
33429657
27549930
28239646
25520396
26055977
30496290
30728391
25056574
28340593
30063126
23318435
24810913
28133535
29179185
25979232
30387128
30824098
30737380
26241649
24886669
25619836
25683728
27279916
28240531
26985659
28334634
25962958
26077637
24596682
24676586
26909605
28798857
28427436
26400441
25335447
29980076
25315189
25257729
27562113
28426762
30474817
26477404
30155608
24919880
30303021
26203666
28588722
27190992
29599830
29304770
27304190
27458027
28839211
27871326
30133130
25017065
24398324
25286005
25668816
30339386
30497079
28939108
30181809
25968110
29771986
25974963
27278439
27005559
28202042
30469399
24806942
25238572
29221130
28330493
26317614
25561066
25849487
27553211
28571747
28791375
30144023
26689468
29568948
26950599
30563489
26563150
27284366
28346474
30023722
29718569
27043661
29899550
27246191
29275435
27157613
25178656
25528534
25174825
24564888
25888829
28774804
30709367
25155634
26500031
27350212
27079864
28289331
28210910
28000609
25760096
24502646
27157337
26204886
30150545
27259689
30906504
26418047
29615735
26984519
27822313
30055109
29780673
30224826
29741670
30594607
25768678
30766885
27671309
27645148
27409175
26280894
30371731
28586040
25131536
29292031
26724455
33418833
30278123
26556856
27923595
29169181
25445919
28465475
29374148
29215790
24675467
25000305
25343626
27120585
26398880
29870887
29599800
27796714
26215372
25572802
25557791
30322103
28060811
25463502
28431393
24771225
25655677
24674422
25803821
26780557
26124698
27379522
27876705
29312577
29599328
29620191
27081631
30112185
26089941
28346100
24315818
30842986
25085904
24656238
26497855
29452913
27530316
26757880
24970803
24784321
25955298
27574028
28969074
24779767
26857064
30216829
29937511
27376283
28583190
29387242
26108797
28472723
26520789
26412984
28093334
29257351
27432323
28389380
29358127
29979037
29403376
30678966
30594032
28800960
26178901
26860465
30291961
28402270
29113888
29975908
25787336
25792283
29936082
30308939
26252024
27281609
30854249
28209555
28445606
29468800
29662653
25373736
25294813
29924958
24075827
26530254
27055396
29077787
30545096
25006666
28965853
25331261
27900034
28332199
30468477
30662326
26596839
29620216
25738887
27241022
28831645
28752270
27484185
26067757
27632289
24783266
28823832
30447427
29568926
26958605
30930631
25185240
25009196
25783790
28950321
30177647
25348507
28621322
31719521
24819588
26934679
24919951
29306659
28042181
25187396
29996881
30803933
27848085
28012234
28148288
30570350
24695406
27100732
28464854
28636190
30556014
28143606
25844540
29382358
29956731
30886656
29182685
28881657
25554638
28793867
30615901
29512770
29228728
28746471
25586271
30127867
30127867
29484528
25315241
25060643
27301070
29485045
30091683
27019627
27753527
29763460
26771357
29299159
26267486
27910972
29187905
31719853
27911269
30460610
24531214
26933805
27428076
26086852
27411340
28726916
30559934
25269858
25361000
25239595
27344177
29668679
27656113
24997336
26590086
27090603
28928832
25955408
28648642
26482249
30160604
27630305
28423035
27781158
30214607
29422957
28124276
24531710
30190408
28614911
27097161
25499988
26555545
26987290
26755150
26130569
27502039
30032164
24998755
30832689
29940809
25971596
28718813
27017547
29157215
29225137
27294903
29921315
24841425
30149665
30719702
25038880
28486691
26707081
25100319
24816762
25311520
29218545
27221823
30487650
29540773
25199834
28077797
28150904
27036521
28855101
26471812
29491650
27928952
25002509
29192207
29635542
30234012
27371635
26181203
29914120
24618085
23820980
24387981
29895744
25390361
24709425
29923726
26556851
27161215
29773227
26508152
28935545
27630665
29269419
29696079
30139970
26430732
27325313
27260851
29254564
27629143
26248960
29679903
27754446
27827906
23781986
29715090
30410061
30106434
30391931
27889376
30832287
25120063
25763854
25698062
25776849
26168187
30555458
26462070
30382095
27036550
30153655
28271309
26362298
27840965
28382922
29964299
30735730
26546432
26011941
27660726
28846832
24866585
28070797
26305551
28775725
28809538
29575318
28885562
30212492
27278018
28744751
28529342
30479135
28832946
25682200
25888067
26893363
28580595
30251699
27302072
28408318
28656701
29344258
28101337
28843283
25369729
25659578
29621501
28439737
25779101
29426963
28649646
29283496
27917859
29777109
27044076
24583601
24886139
28604807
29352235
28923575
30685490
25928084
25484137
25510351
30071406
25379014
25980494
27355404
25892554
30524378
24911872
30446310
28260023
30529546
25897982
25480692
24558362
28691024
27110751
30138697
30720225
28522829
27542254
25343347
29718663
26365179
24838941
28340615
25184276
25015290
28273453
27345400
29262592
27192118
25962054
27746365
29482551
27607841
24469047
26474663
28206960
30736836
25792142
26503172
30343695
30397354
29196260
28532106
26378809
25499443
25014639
26560478
30290054
29937996
30278072
29734730
30036814
28632792
26536102
30359767
27224917
29770955
28270621
30700545
26288313
30685304
24608434
26353837
25263445
28643125
29747452
30528798
24853427
25819738
26114294
28845527
29416006
26867596
26178525
27341528
25358600
25959927
28371195
26211361
26468652
29445216
25961335
26539832
24556691
28766149
29181100
25445973
24615515
29332387
28149335
25167778
25305574
24898082
25416629
27895765
30403907
24888630
27858316
23791108
27701120
26489474
24055949
29118111
27889472
28917552
30357714
25263169
27699507
29046338
28289915
29044153
27866678
24805200
27272211
25132292
25753016
27904980
29397465
31862348
23449865
28488769
28523741
25943772
24924383
30139536
26466917
30229500
27502440
26642371
28374279
29361446
26354961
26510926
27062592
27751238
28008545
28343259
24418327
30351495
24632802
26363834
23715122
24721457
29031049
30098137
23445066
23343002
26897648
27855987
25514870
24144905
24634320
29285347
28188931
29291394
23384770
23953501
23122224
29061467
27608885
28488215
30659434
30470652
26224524
29246640
29139052
26369636
26689146
28128382
26609369
24745942
27213335
30354915
30374656
28488393
27573761
25362163
25903327
28895283
26049978
26711364
26258302
23648571
24733776
26315733
24456739
25542592
28396709
24332424
26232523
28223156
27836502
29782947
27009890
24877995
25101586
29359388
30145618
30218895
30029207
30799078
25038859
26496955
26467552
26617369
30966247
24813743
25224077
24549189
28462436
24102321
30783681
23371524
24801553
27475910
27655422
29580985
28150055
29322329
26769538
26785492
23354045
29050528
25923014
26232165
24052561
23554457
24507891
26996755
26230546
24719050
25778713
27696717
29325812
23063770
25362172
24529358
27605213
25362173
27847339
24753501
25059819
24480704
29752606
30834463
25085203
27838120
27321286
30126708
31676753
30029780
28139202
26875146
24668257
26620777
26592436
30029244
25840754
28029574
27775708
22798562
25659851
24332418
24161325
26590304
27151611
23664278
26072025
27734178
28513626
30029247
29091861
25063796
24255590
26376641
28190607
28402522
28729840
28082098
29074049
29663193
29902273
30709410
25362168
26713558
27885749
30657634
27021029
27008197
24037347
28334711
25260878
26587538
26099795
28812203
24866826
24411522
25450316
26014364
30365966
24486266
25990469
27903785
24947233
23790385
26792932
29020304
23428836
25979382
27057166
23973390
24363304
27855808
26159617
28110854
28025262
25648533
27983818
28039201
28063468
27384018
29305642
29693768
24162859
25497378
28887857
28161877
28539832
27638236
30428582
30396311
27234039
23291143
25279658
26496956
27856475
25139775
25015131
27916382
30426001
27720201
27510885
25161184
24846374
26117837
28624223
23305813
23335565
24210861
25633835
24722951
29467481
30194551
25543277
23504178
22965640
26467108
30845956
29424967
24095043
23433464
27028496
27773652
28500311
29181891
23374445
28025231
30859434
26792056
29623767
25936852
26707885
26748474
24043375
25001203
26654673
30388253
26835103
28993849
30626416
30223090
26378868
27712739
25060020
23277474
28069705
22640661
25557983
25254341
23088577
24036238
25200842
28941705
26196535
30203115
28647340
26183963
28511838
29313269
25316593
29897667
27056758
25986953
31229629
23696033
27863743
24548820
25892322
30086860
30406610
27338002
29180233
26663607
30283355
26204865
23200904
29855176
24035423
27915084
28527767
28104190
23992994
27149239
29082600
29221743
30572773
24813252
29452273
29016735
25795793
28268011
28522163
27324801
22805982
24835277
27847162
28110071
24736808
27585507
26204520
30230245
26294009
25439766
24058328
27339495
27993388
29982960
23913980
22525341
27905492
27222351
26101034
29555184
30041923
29104039
28400556
25228500
28011837
23643546
28620766
27169665
29452833
30504039
30019140
28929246
29194961
23845661
27367143
27478840
30550791
29587663
25574378
29421553
29548546
28931635
29157295
27314237
25714011
26625205
29740450
29163540
29392336
27605222
27315372
29878245
29211085
30788259
28025135
28594868
28687750
29879980
25431955
27840038
28970093
29573266
31600276
27057178
27414060
31537955
28673007
29029943
30833750
29254508
27050072
30683863
28810809
26105626
30446996
25933805
25274283
27791469
27435312
27906162
27435001
29336998
25425693
25139989
24842612
28585066
25888550
30670049
30224681
29085357
26088427
28931051
27341131
24421342
27563819
26472728
29250133
27889798
30746216
28940439
24970819
25638150
26503803
28415798
28582704
29510739
26862702
24589652
28205621
25899161
24363024
26134970
26444983
27338302
29963058
30631355
25175005
29020964
27688163
29088794
25364421
29695237
26562161
26045318
30613370
29464075
29866600
30257318
29273809
29888271
27514672
29651966
28280786
29686536
28426690
30593830
30558663
30100188
27232880
28439087
24362470
29510196
30470933
29735668
27191981
27893426
29067879
26279295
24960585
29275833
30479121
24216048
28289860
29751136
30689488
29408916
25876464
28261204
29462209
23604623
28736743
29245977
25448825
30193086
28739688
25618112
28245833
29849787
27278998
30439366
27571370
28463396
23969419
27834350
28231431
27473061
29719533
28578991
29416641
30755279
29938855
26997972
28423549
29959216
24037896
25882747
24570184
25433506
29966014
27073557
27768597
28971904
27338475
30680340
28756882
24819411
29248956
28768924
29903664
30127393
26524482
26858358
27221038
30241606
28837681
30717444
28102051
28836469
29077054
31477176
27720639
24947606
28138559
26447882
25496493
25057445
29899195
29572116
24496456
24237220
27565656
30459627
24705499
28982863
27807435
28638786
27769045
30502650
26212048
25131561
30090970
30134578
30697721
28325288
25376937
28667390
30596643
27490939
29277757
31291139
25047641
24292792
26883813
24220648
25949860
26171764
28987474
29415668
30362521
24693958
24679343
30446226
30370252
26855187
25754123
26786874
30563566
26690706
26106390
27602753
25036145
24406390
30253078
29848674
25343405
26984209
26743033
25736302
26304717
30112109
30027525
29113296
25480739
25355639
25579543
26881506
27900006
25853550
30203045
27182555
28806909
29371976
27858101
28848143
29540832
24141770
29155844
26759006
29294043
25608795
26242181
27217584
29954240
27002316
29213216
29872044
25063025
26679292
29104081
24789529
27625650
29777587
25816405
29108242
29258566
29867922
28501939
24654917
27487262
28977905
27901484
29552177
28586072
29928442
28105238
28665052
29551087
27154226
26813566
27530650
27198675
27490802
30151257
29310916
29122757
27084634
27777771
28222426
26071561
30253973
25955428
29736260
29632307
30666052
23982804
29113264
30651930
30377341
29873070
25304368
24556625
24456704
25347443
26111884
27806848
28633979
30581389
26244168
26579226
26054860
30709785
24379113
26694905
27573917
29653744
29954071
30542494
30384408
24480736
25704287
29048671
26653551
25428505
28132868
25961317
28112370
28753812
26662627
29710228
29726585
26471483
26566945
30572904
27925177
28969039
30294508
24741609
25760770
27775397
24184957
28781374
29688039
27832200
24570130
28529561
29467893
30409424
24154937
25877381
29190492
25853036
26897354
28122348
29555781
25205711
26280178
26982367
27376576
30479382
30114007
26862729
29509940
30374140
28213003
27251573
30007230
26317902
24482145
30357458
26327325
26564244
25225903
27323861
27561105
30852385
27635108
30221145
25053991
29552300
30141083
26695143
29577858
28551624
28076753
29901069
30081891
26666299
29725990
27622770
25775228
25955249
29038815
25647034
25815792
29336270
24911167
27844078
28972786
24845351
28771005
28796507
24905476
30214656
28672189
24028075
25469942
26535489
28322917
26868929
26506513
26439382
26903861
27250331
27227450
24037720
24847263
23374014
27914799
28427941
29875647
24261958
23608187
29709615
26497684
25342129
26481686
26136856
27917876
28359566
30021611
26621077
26564777
28696436
29499755
30092839
23714261
25958317
28262719
29344869
25750918
25798597
26537957
25717290
25673873
29155708
26206107
29334222
27653981
29859877
28111677
29676567
23752274
23123231
24678637
28841047
25356444
30271321
25532947
25416231
25460507
26673529
27975262
29370177
24269023
27878366
27770234
28657654
28161476
29037261
27982082
24375821
23962087
26332448
28527668
27516118
29142266
24485507
24283798
26059363
25478015
28737890
28341999
25248508
23142516
23242692
27479154
23421771
24893329
26458552
25556395
25806004
25004204
25597881
24613795
25206631
28678775
28052060
29490708
25484284
24618270
24606058
28649025
28919235
27260838
24548642
24566260
22950912
26177386
29536165
29026905
28467708
29163489
28783948
25946560
26340532
28219449
28846964
26048787
25687682
28314118
28294556
28153323
28338146
23541573
28921979
29476920
28510356
28722296
28820064
25768729
30278900
30029360
25572280
26772162
25923707
26706800
26460552
26612254
27991937
30460365
25891384
27296841
29429514
29755636
33418731
29176571
30010672
27606718
29477032
26190172
30245385
29035132
29403007
29543851
30301942
25818417
30150787
26846376
27232698
30220069
25741927
27078888
29341112
25861018
29989826
27548442
26818810
26421875
29797762
26876590
26586376
29309077
29891981
29595143
27596933
26474384
27484993
27016417
29248638
30240186
29175081
29511269
29436672
27077967
29569246
29709196
29956800
27615191
28280409
30498674
28285690
27116031
27144306
29522507
30405617
28350008
29511158
29686328
26780923
30944255
25701100
26087282
26608295
27350172
29669530
29344123
27501455
30274176
26716792
30008870
26137539
30360129
26717559
27605158
29167681
30112421
29331415
29463274
26867523
29925009
27909724
29186841
27657742
19857270
27233153
27145226
29272322
26318423
26949823
26759080
30176007
28436965
24706852
22267756
27301427
26968770
28712885
26436734
23181791
26248335
27526025
25545115
25205504
24632688
28503407
20570119
17850777
26589477
27044262
27886077
26275100
26518187
26740176
18559366
25745049
20451038
18510721
22409990
24628276
25474370
28649804
29472603
26694805
24871992
25213636
25758640
26492208
27583193
24558372
21762971
25847914
20545701
21199160
17298450
24647685
18179358
23742951
24738160
29496785
25093641
29440315
28559920
21557221
21724251
27223825
24925127
26540504
25833917
27812019
25383714
28708440
29417313
29337379
27340759
26846377
27780255
21996340
25962903
25979076
25486073
25387250
29321510
25679502
29507348
24587395
24216300
22296755
27216608
29401446
29107090
22659040
29074456
23301612
26525898
26968771
26207629
24039773
28658531
29305603
28259823
27526397
26557246
24461327
28314802
28649446
22101763
29083412
20624652
29106997
27445819
21699692
24960057
22359478
29154907
20697944
28470729
20339471
25999281
26689262
28256611
28118826
29202459
28666430
28250924
27685460
28275176
28368678
28468615
24588865
28372928
28863189
28680570
28478266
28860944
28984536
28115645
26631767
28366587
28785019
28911970
29263297
28856667
27612964
28827799
27979861
28040470
29166920
28373109
29233471
29282053
27422754
27417329
28344781
28721202
27815996
25929950
28191779
29228279
33445384
28422764
27461979
26611536
28220848
29020462
