38128127
38034500
37647590
37625868
37521275
37168853
37138595
37023127
36959508
36932674
36856418
36812516
36778971
36675484
36531480
36514076
36507225
36474914
36446381
36430443
36384132
36371683
36371548
36351919
36327326
36327221
36313784
36305868
36264808
36179689
36179680
36170362
36125123
36096022
36088464
36028865
35985351
35969080
35893808
35887100
35860359
35852143
35790190
35723296
35680868
35562366
35466539
35450123
35427985
35401456
35397794
35387629
35365639
35334213
35289122
35245441
35239145
35232252
35210413
35177828
35164569
35102208
35085375
35063125
35055020
35054379
35032430
35032429
35020534
34960165
34951149
34950537
34949807
34930527
34761526
34669717
34421814
34375611
34328417
34244682
34055765
34029164
33927693
33910003
33760368
33693742
33579705
33432170
33365261
33331294
33308153
33241859
33113348
33051581
32966582
32938988
32933253
32843549
32732975
32656095
32652060
32610134
32587620
32492951
32483361
32471219
32453755
32451238
32408336
32404436
32392262
32387456
32365353
32358202
32353859
32343745
32333836
32328411
32327758
32317332
32313039
32294405
32277137
32231374
32181336
32071273
31994489
31980395
31953428
31862348
31719521
31676753
31628434
31600276
31537955
31492657
31477176
31413153
31398556
31291139
31229629
31191497
31110478
31090904
31028998
31024521
31019514
31013754
30987186
30966615
30944255
30930631
30906504
30886656
30886143
30859434
30854695
30854249
30852385
30849355
30848563
30845956
30842986
30840913
30834463
30833750
30832689
30832287
30824098
30815354
30808366
30804325
30803933
30799078
30796967
30788259
30783681
30770414
30766885
30755279
30746216
33405827
30737380
30736836
30735730
30728391
30720225
30719702
30719525
30719260
30718722
30717444
30705751
30709785
30709410
30709367
30700545
30697721
30689488
30685490
30685304
30683863
30680340
30678966
30678304
30675232
30670049
30666052
30662326
30659434
30657634
30651930
30631355
30629668
30626416
30619268
30619100
30617277
30616234
30615901
30613774
30613370
30607635
30598641
30596643
30594607
30594032
30593830
30590056
30587589
30581389
30572904
30572773
30570350
30563566
30563489
30560881
30559934
30558663
30556014
30555458
30550791
30547810
30546831
30545096
30542494
30524378
30536399
30529546
30528798
33418833
30504039
30502650
30498674
30497079
30496290
30487650
30480453
30479382
30479135
30479121
30474874
30474817
30470933
30470798
30470652
30469399
30468477
30460610
30460365
30459627
30452592
30447427
30446996
30446310
30446226
30439366
30428582
30426001
30414485
30410061
30409424
30406610
30405617
30403907
30401978
30397354
30396311
30393802
30391931
30388253
30387128
30384408
30382095
30380327
30377341
30374656
30374140
30371731
30370252
30365966
30362606
30362521
30360129
30359767
30357714
30357458
30356900
30354915
30351495
30347191
30343695
30339386
30322103
30316805
30314527
30308939
30307543
30303021
30301942
30294508
30291961
30290054
30286768
30285809
30283355
30278900
30278123
30278072
30274176
30271321
33911480
30262100
30259641
30257318
30253973
30253842
30253078
30251699
30245385
30242980
30242153
30241606
30240186
30234012
30230245
30229749
30229500
30224826
30224681
30224659
30224090
30223090
30221683
30221145
30220069
30218895
30216829
30214656
30214607
30212492
30203115
30203045
33435070
30196014
30195784
30195725
30194551
30193086
30190408
30181809
30178232
30177647
30176007
30175027
30160604
30155608
30153655
30152847
30151257
30150787
30150545
30149665
30145618
30144023
30141083
30139970
30139536
30138697
30134578
30133130
30127867
30127867
30127393
30127372
30126708
30114007
30112421
30112185
30112109
30106434
30103105
30100188
30098137
30096164
30095002
30092839
30091683
30090970
30086860
30083159
30083154
30081891
30080291
30079994
30072655
30071406
30070264
30065964
30063126
30055109
30041923
30036814
30032164
30029780
30029360
30029247
30029244
30029207
30027525
30023722
30021803
30021611
30019140
30010672
30008870
30007230
30003150
30002654
29996881
29989826
29984480
29982960
29980703
29980076
29979037
29975908
29966014
29964299
29963058
29959216
29956800
29956731
29954240
29954071
29942949
29940809
29938855
29937996
29937511
29936082
29928442
29927449
29925009
29924958
29923726
29921315
29914120
29907673
29903664
29902273
29901069
29899550
29899195
29897667
29895744
29891981
29890691
29888271
29883914
29879980
29878245
29875647
29874282
29873070
29872044
29870887
29867922
29867527
29866600
29864894
29864516
29862305
29861815
29859877
29855176
29849787
29848674
29806793
29797762
29790939
29782947
29780673
29780511
29777587
29777109
29774083
29773227
29771986
29770955
29765551
29765318
29763460
29755636
29752606
29751136
29747452
29743597
29741670
29740450
29736260
29735668
29734730
29726585
29725990
29719533
29719048
29718663
29718569
29715090
29710228
29709615
29709196
29702747
29696079
29695237
29693768
29688039
29686536
29686328
29679903
29676567
29669530
29668679
29663193
29662653
29653744
29651966
29649778
29642502
29635542
29632307
29625565
29623767
29621501
29620216
29620191
29617404
29617354
29615735
29599830
29599328
29596384
29595143
29593247
29587663
29580985
29577858
29575318
29573266
29572822
29572116
29570944
29569246
29568948
29568926
29558871
29555781
29555466
29555184
29552300
29552177
29551087
29550474
29548546
29543851
29540832
29540773
29539434
29536165
29535813
29527571
29522507
29515028
29512770
29511829
29511269
29511158
29510739
29510196
29509940
29509238
29507348
29499755
29498905
29496785
29491650
29490770
29490708
29485045
29484528
29482663
29482551
29477032
29476920
29473000
29472603
29468800
29467893
29467481
30966247
29464075
29463274
29462209
29453454
29452913
29452833
29452273
29449694
29445216
29445209
29442025
29440315
29438401
29436672
29436626
29434878
29429514
33418731
29426963
29424967
29422957
29421553
29420117
29420117
29417313
29416641
29416006
29415668
29410624
29410546
29408916
29403473
29403376
29403007
29401446
29399951
29399549
29397904
29397465
29394376
29392336
29387242
29382358
29374148
29371976
29370177
29363599
29361446
29359388
29358127
29352235
29344869
29344258
29344123
29341112
29340409
29337379
29336998
29336270
29334222
29334196
29332387
29331415
29325812
29322348
29322329
29321510
29313269
29312577
29310916
29310665
29309077
29306659
29305642
29305603
29304770
29303022
29299159
29299143
29298866
29294043
29292031
29291394
29285347
29283496
29282053
29277757
29275833
29275435
29273809
29272322
29269419
29263297
29262592
29258749
29258566
29257351
29254564
29254508
29250133
29248956
29248638
29246640
29245977
29237438
29233471
29228728
29228279
29226077
29225137
33445384
29222810
29221743
29221130
29218545
29215790
29214365
29213216
29211089
29211085
29206239
29202459
29197674
29196260
29194961
29192207
29190492
29187905
29187162
29186841
29182685
29181891
29181100
29180233
29179185
29176571
29175081
29169181
29167681
29166920
29163540
29163489
29157295
29157215
29155844
29155708
29154907
29142266
29139052
33418720
29122757
29118111
29113888
29113296
29113264
29113177
29108242
29107090
29106997
29104081
29104039
29097671
29096610
29091861
29088794
29085357
29083412
29082600
29077787
29077054
29074456
29074049
29067879
29061467
29052594
29050528
29049316
29048671
29046338
29044153
29040808
29038872
29038815
29037261
29035132
29031049
29030596
29029943
29026905
29020964
29020462
29020304
29016735
28993849
28992198
28987592
28987474
28984536
28982863
28977905
28975481
28974266
28972786
28971904
28970093
28969074
28969039
28965853
28959637
28950321
28941705
28940439
28939108
28935545
28931635
28931051
28929246
28928832
28927931
28923575
28921979
28919235
28917552
28911970
28895283
28887857
28885562
28881657
28871147
28863189
28860944
28856667
28855101
28848143
28846964
28846832
28845527
28841047
28839211
28837681
28836469
28832946
28831645
28827799
28823832
28820959
28820064
28818060
28812203
28810809
28809538
28807995
28806909
28803918
33429657
28800960
28798857
28796507
28793867
28793364
28791375
28785019
28783948
28775725
28774804
28771005
28768924
28766149
28765552
28765364
31719872
28757881
28756882
30971005
28754682
28753812
28752270
28746471
28744751
28739688
28737890
28736743
28729840
28726916
28722778
28722296
28721202
28718813
28712885
28708440
28705941
28696436
28691024
28687750
28680570
28678775
28676841
28676662
28673339
28673007
28672189
28671717
28667390
28666462
28666430
28665052
28658531
28657654
28656701
28649804
28649646
28649446
28649025
28648642
28647340
28643125
28638786
28636190
28633979
28632792
28624223
28621322
28620766
28614911
28604807
28595619
28594868
28592839
28588722
28586072
28586040
28585066
28583190
28582704
28580595
28578991
28576513
28571747
28562647
28559920
28551624
28545495
28544067
28539832
28532106
28529561
28529342
28527767
28527668
28523741
28522829
28522163
28521800
28513626
28511838
28510356
28506444
28504668
28501939
28501579
28500311
28494936
28488769
28488393
28488215
28486691
28483691
28478266
28476026
28472723
28470729
28468615
28467708
28465475
28464854
28463396
28462436
28445606
28439737
28439087
28436965
28431393
28427941
28427436
28426762
28426690
28426090
28423549
28423035
28422764
28415798
28412963
28408318
28402522
28402270
28400556
28396709
28389380
28382922
28374279
28373427
28373109
28372928
28371195
28368678
28366587
28365299
28361480
28360105
28359566
28350008
28346474
28346100
28344781
28344062
28343259
28341999
28340615
28340593
28338146
28336124
28334711
28334634
28332199
28330493
28325288
28322917
28314802
28314118
28294556
28289915
28289860
28289331
28287550
28285690
28280786
28280409
28275176
28273453
28271309
28270621
28268011
28262719
28261204
28260023
28259823
28256611
28250924
28245833
28244825
28240531
28239646
28231431
28223156
28222426
28220848
28219449
28213003
28210910
28209555
28206960
28205621
28202042
28198144
28191779
28191587
28190607
28188931
28188787
28187434
28171546
28167299
28161877
28161476
28153323
28150904
28150055
28149335
28148288
28146569
28143606
28139202
28138707
28138559
28135772
28135684
28133535
28132868
28130440
28128382
28124276
28122348
28118826
28116566
28115645
28112370
28111677
28110854
28110071
28105238
28104190
28102051
28101337
28093334
28087106
28087106
28082098
28077797
28076753
28070797
28069705
28063468
28060811
28052250
28052060
28042181
28041663
28040470
29599800
29491534
28039201
28029574
28026003
28025262
28025231
28025135
28024684
28018351
28018345
28012234
28011837
28008545
28008153
28000609
27997080
27993388
27991937
27983818
27982082
27979861
27975262
27965040
27964748
27960594
27928952
27925458
27925205
27925177
27923595
27917876
27917859
27916382
27915084
27914799
27911269
27910972
27909724
27906162
27905492
27904980
27903785
27901484
27900034
27900006
27895765
27893426
27889798
27889472
27889376
27886077
27885749
27878366
27876705
27871326
27866678
27863743
27858316
27858101
27856475
27855987
27855808
27848085
27847339
27847162
27844078
27840965
27840038
33440532
27838120
27836502
27834350
27832200
27827906
27825375
27822313
27822208
27815996
27815970
27812019
27720639
27807435
27806848
27746365
27612964
27796714
27775708
27791469
27766838
27698134
27653981
27787879
27787618
27241022
27781158
27780978
27780255
27777771
27221038
27775397
27773652
27770234
27224917
27191981
27769045
27768961
27768597
27756885
27678042
27573917
31719853
27754446
27753527
27751238
27748910
27734939
27734178
27733093
27731367
27720201
27714771
27712739
27701120
27699507
27696717
27688163
27685460
27678304
27671309
27663569
27660726
27657742
27656113
27655422
27645148
27638236
27637760
27635108
27632289
27630665
27630305
27629143
27625650
27622770
27618787
27616660
27615742
27615191
27613408
27611715
27609119
27608885
27607841
27606718
27605222
27605213
27605158
27602753
27596933
27585507
27583193
27574028
27573761
27571370
27565656
27563819
27562113
27561827
27561105
27553211
27550319
27549930
27548442
27542254
27530650
27530316
27526397
27526025
27516850
27516118
27514672
27510885
27503907
27502440
27502039
27501455
27494432
27494347
27493703
27490939
27490802
27487262
27484993
27484716
27484185
27479154
27478871
27478840
27475910
27473061
27465875
27464732
27462977
27461979
27458027
27457515
27445819
27438262
27435312
27435001
27432323
27428076
27422754
27417329
27414060
27411340
27409175
27396853
27389414
27384018
27381658
27379522
27376576
27376283
27371635
27367143
27355404
27351906
27350212
27350172
27346678
27345400
27344177
27343468
27341528
27341131
27340759
27339495
27338475
27338302
27338002
27325313
27324801
27323861
27323778
27321286
27315372
27314237
27306424
27306360
27304190
27302072
27301427
27301070
27300768
27296841
27294903
27288309
27284366
27281609
27279916
27278998
27278439
27278018
27277530
27277258
27272900
27272211
27260851
27260838
27260411
27259689
27251573
27251429
27250331
27246191
27234039
27233153
27232880
27232698
27227450
27223825
27222351
27221823
27217584
27216608
27213335
32263269
27198675
27192118
27190992
27182555
27175898
27174201
27169665
27161215
27157613
27157337
27154441
27154226
27151611
27149239
27145226
27144306
30404258
27142386
27130240
27127520
27123009
27120585
27118425
27116031
27110751
27100732
27097161
27094591
27090603
27084634
27081631
27079864
27078888
27077967
27073557
27062592
27057311
27057178
27057166
27056758
27055396
27050072
27049761
27044817
27044262
27044076
27043661
27036550
27036521
27028496
27023391
27021598
27021029
27019627
27017547
27016417
27009890
27008197
27005559
27002316
26997972
26996755
26991804
26987290
26985659
26984519
26984209
26982367
26977925
26971667
26968771
26968770
26958605
26950599
26949823
26934679
26933805
26909605
26903861
26897648
26897354
26893363
26883813
26881506
26876590
26875146
26868929
26867596
26867523
26862729
26862702
26860465
26858358
26857064
26855187
26846377
26846376
26835873
26835103
26829984
26818810
26813566
26805429
26794366
26792932
26792056
26786874
26785492
26780923
26780557
26772162
26771518
26771357
26769538
26759080
26759006
26757880
26755150
26751012
26748474
26743033
26740176
26726028
26724455
26717559
26716792
26713558
26711364
26707885
26707081
26706800
26695143
26694905
26694805
26690706
26689468
26689262
26689146
26688192
26686985
26679292
26673529
26666299
26665180
26663607
26662627
26654673
26653551
26642371
26631767
26631483
26625205
26621077
26620777
26617369
26612978
26612254
26611536
26608463
26608295
26596839
26592436
26590304
26590086
26589477
26587538
26586376
26584613
26579226
26566945
26564777
26564244
26563150
26562161
26560478
26556856
26556851
26555545
26549107
26546432
26540504
26539832
26537957
26536102
26535489
26531309
26530254
26525898
26524482
26520789
26518187
26510926
26508152
26507122
26506513
26505692
26503803
26503172
26500031
26497855
26497684
26496956
26496955
26492208
26489735
26489474
26482249
26481686
26477404
26474663
26474384
26472728
26472048
26471812
26471483
26468652
26467552
26467108
26466917
26462070
26460552
26458552
26456974
26447882
26444983
26439770
26439382
26436734
26431183
26430732
26422657
26421875
26418047
26412984
26400441
26398880
26378868
26378809
26376641
26373041
26369636
26365179
26363834
26362298
26360332
26360292
26357964
26354961
26353837
26345302
26343337
26340532
26332448
26327325
28781374
26318423
26317902
26317614
26315733
26305551
26304717
26294009
26289960
26288313
26285657
26280894
26280178
26279295
26276002
26275100
26271890
26270351
26267486
26258302
26252024
26248960
26248335
26247040
26244168
26242181
26241649
26232523
26232165
26230546
26224524
26218149
26215372
26212048
26211361
26207629
26206107
26204886
26204865
26204520
26203805
26203666
26196535
26190172
26183963
26181203
26178901
26178525
26177386
26171764
26169261
26168187
26166764
26159617
26158500
26147507
26137539
26136856
26134970
26130569
26126685
26125662
26124698
26117837
26114294
26111884
26108797
26107737
26106390
26105626
26103914
26101034
26099795
26095162
26089941
26088427
26087282
26086852
26077637
26075250
26074415
26072025
26071561
26067757
26059363
26055977
26054860
26053043
26053043
26051876
26049978
26048787
26047853
26045318
26040690
26031743
26014364
26011941
26010411
25999281
25990469
25986953
25980494
25979382
25979232
25979076
25974963
25971596
25968110
25962958
25962903
28843283
25962054
25961335
25961317
25959927
25958317
25955428
25955408
25955298
25955249
25949860
25946560
25943772
25936852
25933805
25929950
25928084
25923707
25923014
25917910
25903327
25900329
25899161
25897982
25897856
25896438
25892554
25892322
25891384
25888829
25888550
25888067
25884794
25882747
25877381
25876464
25861018
25856795
25856345
25853550
25853036
25850816
25849487
25847914
25844540
25840754
25839128
25833917
25819738
25818417
25816405
25815792
25806004
25803821
25799237
25798597
25795793
25792283
25792142
25787336
25783790
25782016
25779101
25778713
25776849
25775228
25773123
25768729
25768678
25763854
25760770
25760096
25758640
25754123
25753016
25752856
25750918
25745049
25744002
25741927
25738887
25736302
25728592
28503407
25724205
25717290
25714011
25704851
25704287
25701119
25701100
25698062
25690925
25690155
25687682
25687182
25683728
25682200
25681969
25679502
25673873
25668816
25659851
25659578
25655677
25654296
25652522
25648533
25647034
25638150
25633835
25619836
25618112
25612066
25610950
25608795
25605670
25597881
25586271
25584044
25579543
25574378
25572802
25572280
25568895
25561066
25557983
25557791
25557227
25556395
25554638
25549087
25545115
25543277
25542592
25532947
25528534
25520396
25514870
25510351
25499988
25499443
25497378
25496493
25486073
25484284
25484137
25480739
25480692
25478015
25476480
25474370
25469942
25468334
25463502
25460507
25450316
25448825
25445973
25445919
25439766
25433506
25431955
25428803
25428505
25426561
25425693
25420519
25416629
25416231
25390361
25387250
25384965
25383714
25381817
25379014
25376937
25373736
25369729
25364421
25362173
25362172
25362168
25362163
25361000
25360821
25358600
25356444
25355639
25354724
25348507
25347443
25343626
25343405
25343347
25342129
25335447
25335433
25331261
25329467
25323824
25316593
25315241
25315189
25311520
25305574
25304368
25294813
25286005
25279658
25275470
25274283
25270048
25269858
25267635
25263445
25263169
25260878
25257729
25256849
25254341
25248508
25247711
25239595
25238572
25228500
25225903
25225370
25224077
25213636
25213554
25206631
25205843
25205711
25205504
25200842
25199834
25198693
25187396
25185240
25185156
25184276
25178656
25175005
25174825
25167778
25161184
25155634
25139989
25139775
25132292
25131561
25131536
25120063
25113744
25101586
25100319
25093641
25085904
25085203
25063796
25063025
25060643
25060020
25059819
25057445
25056574
25053991
25047641
25038880
25038859
25036145
25024393
25017065
25015290
25015131
25014639
25009196
25006666
25004204
25002509
25001203
25000305
24998755
24997336
24984960
24979718
24973445
24970819
24970803
24970492
24962136
24960585
24960057
24947816
24947606
24947233
24928093
24925127
24924383
24919951
24919880
24911872
24911167
24905476
24898082
24893329
24888630
24886669
24886139
24882215
24877995
24871992
24866826
24866585
24853427
24847263
24846374
24845351
24844199
24842612
24841425
24838941
24835277
24819588
24819411
24816762
24813743
24813252
24810913
24810842
24806942
24805200
24801553
24789529
24784321
24783266
24779767
24771225
24753501
24745942
24741609
24738160
24736808
24733776
24722951
24721457
24719050
24718936
24709425
24706852
24705499
24704119
24695406
24693958
24679343
24678637
24676586
24675467
24674422
24673109
24668257
24660684
24657442
24656238
24655025
24654917
24647685
24643985
24634320
24632802
24632688
24628276
24618270
24618085
24615515
24613795
24608434
24606058
24596682
24589652
24588865
24587395
24585677
24583601
24570184
24570130
24566260
24564888
24558372
24558362
24556691
24556625
24549189
24548820
24548642
24531710
24531214
24529358
24507891
24502646
24496456
24490617
24487236
24486266
24485507
24482145
24480736
24480704
24469047
24461327
24456739
24456704
24443177
24425042
24421342
24418327
24411522
24406390
24398324
24388382
24387981
26609369
26557246
26015949
26015949
26015947
24379113
24375821
24364910
24363304
24363024
24362470
24332424
24332418
24329541
24315818
24297321
24292792
24291763
24283798
24269023
24261958
24255590
24247151
24240028
24237220
24220648
24216300
24216048
24210861
24202699
24184957
24162859
24161325
24154937
24144905
24141770
24123639
24102321
24095043
24077235
24075827
24058328
24055949
24052561
24043757
24043462
24043375
24039773
24037896
24037720
24037347
24036238
24035423
24028075
23992994
23982874
23982804
23973390
23969419
23962087
23953501
23913980
23867184
23845661
23820980
23790385
23791108
23781986
23752274
23742951
23727931
23715122
23714261
23696033
23664278
23648571
23644136
23643546
23639794
23608187
23604623
23554457
23541573
23504178
23449865
23445066
23433464
23428836
23421771
23384770
23374445
23374014
23371524
23354045
23343002
23335565
23318435
23305813
23301612
23291143
23277474
23242692
23200904
23181791
23142516
23123231
23122224
23088577
23063770
22965640
22950912
22855155
22805982
22798562
22700341
22659040
22640661
22525341
22454224
22409990
22359478
22296755
22289660
22267756
22240481
22101763
21996340
21844289
21762971
21724251
21699692
21557221
21199160
21112314
20697944
20634089
20624652
20570119
20545701
20451038
20339471
20153520
19857270
19519161
18559366
18510721
18179358
18078524
17850777
17298450
9145447
38357546
38348052
38343536
38336885
38311169
38310289
38302662
38302471
38273088
38267567
38263890
38213792
38178596
38145548
38140531
38136191
38096954
38091316
37445748
37258665
36702898
36301950
36280722
36159851
36136268
36085661
36067351
35739419
35668108
35508177
35354790
34618824
34445380
34272410
34185422
34180971
33451982
33388439
33233787
33020474
32939089
32653496
32470043
32103108
32020185
31933478
31797733
31726729
31693899
31506657
31051135
31036555
30939120
30760554
30450540
30343529
30115942
29881844
29472484
29180648
29156563
29031501
28832609
28702667
28467395
27956797
27869805
27206689
26464414
25948052
25394659
25385717
21889923
18947410
