31628434
32181336
27438262
26126685
20153520
32453755
30242153
30808366
24043757
35887100
32610134
31980395
32732975
22240481
36531480
33760368
29438401
36313784
22855155
27780978
37625868
32313039
30719525
37521275
36305868
38034500
32587620
33579705
38128127
34761526
34029164
32492951
30224090
36371683
32471219
36675484
29555466
35466539
35245441
36932674
28360105
27306424
27925205
30470798
33331294
32451238
21844289
19519161
20634089
23727931
28287550
21112314
23644136
36125123
36778971
9145447
37647590
27714771
31090904
36430443
27561827
34951149
29883914
36096022
36028865
35387629
35054379
33693742
34421814
30286768
33927693
18078524
35450123
29649778
30195725
30195784
22289660
24240028
29097671
34055765
36170362
33365261
30629668
35860359
36170362
36959508
37138595
35969080
35289122
35164569
29445209
32966582
28361480
34669717
33113348
32933253
33051581
32938988
34950537
32966582
32843549
32656095
32652060
32333836
33308153
32408336
32365353
32404436
32358202
32392262
32387456
32294405
33432170
32277137
32353859
32343745
32317332
32231374
31994489
32328411
32071273
31953428
37168853
35055020
32327758
37023127
31398556
32483361
31413153
31191497
30840913
30886143
30619100
29790939
30224659
33435070
29445209
28705941
28146569
27118425
33910003
33241859
34328417
36474914
35427985
36446381
36179680
35334213
35562366
35723296
34930527
35852143
35401456
37138595
36327326
36812516
36327221
35085375
35232252
35893808
35032429
35397794
36179689
35032430
36384132
35063125
36507225
35985351
36371548
36514076
35239145
35177828
35210413
35365639
35680868
36351919
36959508
35790190
34949807
35102208
36088464
36856418
36264808
34960165
35020534
35969080
25917910
32656095
31191497
35397794
31492657
34244682
